21
22
23
25
53
80
110
111
135
139
143
389
443
445
465
500
587
631
636
873
902
989
990
993
995
1025
1026
1080
1433
1521
1723
1883
2049
2082
2083
2086
2087
2095
2096
2181
2222
2375
2376
2483
2484
3000
3001
3002
3050
3128
3306
3389
3690
4000
4040
4443
4444
4567
4711
4712
4848
5000
5001
5060
5061
5222
5269
5432
5555
5601
5631
5666
5800
5900
5985
5986
6000
6379
6443
6666
6667
7000
7001
7002
7003
7010
7070
7080
7081
7199
7474
7547
7777
8000
8001
8008
8009
8010
8020
8022
8030
8042
8069
8080
8081
8082
8083
8088
8090
8091
8099
8100
8118
8123
8161
8181
8200
8222
8243
8280
8281
8333
8400
8443
8500
8530
8531
8545
8600
8649
8686
8701
8880
8888
8889
8899
9000
9001
9002
9009
9042
9060
9080
9090
9091
9092
9100
9110
9200
9300
9418
9443
9500
9600
9700
9800
9876
9990
9999
10000
10001
10080
10443
11211
15672
16080
18080
18081
19000
20000
20720
27017
27018
28017
50000
50070
50075
50090
